{
 "cells": [
  {
   "cell_type": "code",
   "execution_count": 1,
   "metadata": {},
   "outputs": [
    {
     "name": "stdout",
     "output_type": "stream",
     "text": [
      "D:\\Resources\\Datasets\\深圳北站周边交通拥堵指数\n"
     ]
    }
   ],
   "source": [
    "import pandas as pd\n",
    "import numpy as np\n",
    "import xgboost as xgb\n",
    "import warnings\n",
    "from sklearn.metrics import mean_absolute_error\n",
    "from sklearn.ensemble import RandomForestRegressor\n",
    "from sklearn.neighbors import KNeighborsRegressor\n",
    "warnings.filterwarnings(\"ignore\")\n",
    "%cd D:\\Resources\\Datasets\\深圳北站周边交通拥堵指数"
   ]
  },
  {
   "cell_type": "code",
   "execution_count": 2,
   "metadata": {},
   "outputs": [],
   "source": [
    "from sklearn.linear_model import LinearRegression\n",
    "from sklearn.preprocessing import PolynomialFeatures\n",
    "from sklearn.pipeline import make_pipeline\n",
    "from sklearn.metrics import mean_absolute_error\n",
    "from sklearn.neighbors import KNeighborsRegressor\n",
    "from sklearn.ensemble import RandomForestRegressor"
   ]
  },
  {
   "cell_type": "code",
   "execution_count": 3,
   "metadata": {},
   "outputs": [
    {
     "data": {
      "text/html": [
       "<div>\n",
       "<style scoped>\n",
       "    .dataframe tbody tr th:only-of-type {\n",
       "        vertical-align: middle;\n",
       "    }\n",
       "\n",
       "    .dataframe tbody tr th {\n",
       "        vertical-align: top;\n",
       "    }\n",
       "\n",
       "    .dataframe thead th {\n",
       "        text-align: right;\n",
       "    }\n",
       "</style>\n",
       "<table border=\"1\" class=\"dataframe\">\n",
       "  <thead>\n",
       "    <tr style=\"text-align: right;\">\n",
       "      <th></th>\n",
       "      <th>TTI0</th>\n",
       "      <th>TTI1</th>\n",
       "      <th>TTI2</th>\n",
       "      <th>TTI3</th>\n",
       "      <th>TTI4</th>\n",
       "      <th>TTI5</th>\n",
       "      <th>speed0</th>\n",
       "      <th>speed1</th>\n",
       "      <th>speed2</th>\n",
       "      <th>speed3</th>\n",
       "      <th>speed4</th>\n",
       "      <th>speed5</th>\n",
       "      <th>TTI6</th>\n",
       "      <th>TTI7</th>\n",
       "      <th>TTI8</th>\n",
       "      <th>isHoliday</th>\n",
       "      <th>weekday</th>\n",
       "    </tr>\n",
       "  </thead>\n",
       "  <tbody>\n",
       "    <tr>\n",
       "      <th>TTI0</th>\n",
       "      <td>1.000000</td>\n",
       "      <td>0.913943</td>\n",
       "      <td>0.825248</td>\n",
       "      <td>0.762461</td>\n",
       "      <td>0.715100</td>\n",
       "      <td>0.674471</td>\n",
       "      <td>-0.646792</td>\n",
       "      <td>-0.617892</td>\n",
       "      <td>-0.585991</td>\n",
       "      <td>-0.559919</td>\n",
       "      <td>-0.537530</td>\n",
       "      <td>-0.517653</td>\n",
       "      <td>0.636325</td>\n",
       "      <td>0.598135</td>\n",
       "      <td>0.559219</td>\n",
       "      <td>-0.051272</td>\n",
       "      <td>-0.008241</td>\n",
       "    </tr>\n",
       "    <tr>\n",
       "      <th>TTI1</th>\n",
       "      <td>0.913943</td>\n",
       "      <td>1.000000</td>\n",
       "      <td>0.914789</td>\n",
       "      <td>0.826398</td>\n",
       "      <td>0.763876</td>\n",
       "      <td>0.715793</td>\n",
       "      <td>-0.621196</td>\n",
       "      <td>-0.649624</td>\n",
       "      <td>-0.620813</td>\n",
       "      <td>-0.588929</td>\n",
       "      <td>-0.562889</td>\n",
       "      <td>-0.540310</td>\n",
       "      <td>0.675446</td>\n",
       "      <td>0.636764</td>\n",
       "      <td>0.596449</td>\n",
       "      <td>-0.052615</td>\n",
       "      <td>-0.008486</td>\n",
       "    </tr>\n",
       "    <tr>\n",
       "      <th>TTI2</th>\n",
       "      <td>0.825248</td>\n",
       "      <td>0.914789</td>\n",
       "      <td>1.000000</td>\n",
       "      <td>0.914602</td>\n",
       "      <td>0.826465</td>\n",
       "      <td>0.763680</td>\n",
       "      <td>-0.589862</td>\n",
       "      <td>-0.622021</td>\n",
       "      <td>-0.650725</td>\n",
       "      <td>-0.621969</td>\n",
       "      <td>-0.590149</td>\n",
       "      <td>-0.564030</td>\n",
       "      <td>0.715736</td>\n",
       "      <td>0.674705</td>\n",
       "      <td>0.633910</td>\n",
       "      <td>-0.053274</td>\n",
       "      <td>-0.008279</td>\n",
       "    </tr>\n",
       "    <tr>\n",
       "      <th>TTI3</th>\n",
       "      <td>0.762461</td>\n",
       "      <td>0.826398</td>\n",
       "      <td>0.914602</td>\n",
       "      <td>1.000000</td>\n",
       "      <td>0.914404</td>\n",
       "      <td>0.826163</td>\n",
       "      <td>-0.562989</td>\n",
       "      <td>-0.589959</td>\n",
       "      <td>-0.622274</td>\n",
       "      <td>-0.651186</td>\n",
       "      <td>-0.622446</td>\n",
       "      <td>-0.590596</td>\n",
       "      <td>0.763292</td>\n",
       "      <td>0.714722</td>\n",
       "      <td>0.672087</td>\n",
       "      <td>-0.053408</td>\n",
       "      <td>-0.007883</td>\n",
       "    </tr>\n",
       "    <tr>\n",
       "      <th>TTI4</th>\n",
       "      <td>0.715100</td>\n",
       "      <td>0.763876</td>\n",
       "      <td>0.826465</td>\n",
       "      <td>0.914404</td>\n",
       "      <td>1.000000</td>\n",
       "      <td>0.914370</td>\n",
       "      <td>-0.538843</td>\n",
       "      <td>-0.562997</td>\n",
       "      <td>-0.590085</td>\n",
       "      <td>-0.622564</td>\n",
       "      <td>-0.651559</td>\n",
       "      <td>-0.622814</td>\n",
       "      <td>0.826007</td>\n",
       "      <td>0.762357</td>\n",
       "      <td>0.712298</td>\n",
       "      <td>-0.053680</td>\n",
       "      <td>-0.007840</td>\n",
       "    </tr>\n",
       "    <tr>\n",
       "      <th>TTI5</th>\n",
       "      <td>0.674471</td>\n",
       "      <td>0.715793</td>\n",
       "      <td>0.763680</td>\n",
       "      <td>0.826163</td>\n",
       "      <td>0.914370</td>\n",
       "      <td>1.000000</td>\n",
       "      <td>-0.516412</td>\n",
       "      <td>-0.538482</td>\n",
       "      <td>-0.562764</td>\n",
       "      <td>-0.589994</td>\n",
       "      <td>-0.622539</td>\n",
       "      <td>-0.651592</td>\n",
       "      <td>0.914214</td>\n",
       "      <td>0.825035</td>\n",
       "      <td>0.760211</td>\n",
       "      <td>-0.053786</td>\n",
       "      <td>-0.007731</td>\n",
       "    </tr>\n",
       "    <tr>\n",
       "      <th>speed0</th>\n",
       "      <td>-0.646792</td>\n",
       "      <td>-0.621196</td>\n",
       "      <td>-0.589862</td>\n",
       "      <td>-0.562989</td>\n",
       "      <td>-0.538843</td>\n",
       "      <td>-0.516412</td>\n",
       "      <td>1.000000</td>\n",
       "      <td>0.978521</td>\n",
       "      <td>0.956265</td>\n",
       "      <td>0.937033</td>\n",
       "      <td>0.919127</td>\n",
       "      <td>0.902554</td>\n",
       "      <td>-0.494271</td>\n",
       "      <td>-0.471746</td>\n",
       "      <td>-0.447997</td>\n",
       "      <td>0.070694</td>\n",
       "      <td>0.020180</td>\n",
       "    </tr>\n",
       "    <tr>\n",
       "      <th>speed1</th>\n",
       "      <td>-0.617892</td>\n",
       "      <td>-0.649624</td>\n",
       "      <td>-0.622021</td>\n",
       "      <td>-0.589959</td>\n",
       "      <td>-0.562997</td>\n",
       "      <td>-0.538482</td>\n",
       "      <td>0.978521</td>\n",
       "      <td>1.000000</td>\n",
       "      <td>0.978522</td>\n",
       "      <td>0.956274</td>\n",
       "      <td>0.937068</td>\n",
       "      <td>0.919153</td>\n",
       "      <td>-0.515670</td>\n",
       "      <td>-0.493066</td>\n",
       "      <td>-0.468666</td>\n",
       "      <td>0.071230</td>\n",
       "      <td>0.020310</td>\n",
       "    </tr>\n",
       "    <tr>\n",
       "      <th>speed2</th>\n",
       "      <td>-0.585991</td>\n",
       "      <td>-0.620813</td>\n",
       "      <td>-0.650725</td>\n",
       "      <td>-0.622274</td>\n",
       "      <td>-0.590085</td>\n",
       "      <td>-0.562764</td>\n",
       "      <td>0.956265</td>\n",
       "      <td>0.978522</td>\n",
       "      <td>1.000000</td>\n",
       "      <td>0.978519</td>\n",
       "      <td>0.956290</td>\n",
       "      <td>0.937076</td>\n",
       "      <td>-0.537822</td>\n",
       "      <td>-0.514480</td>\n",
       "      <td>-0.489845</td>\n",
       "      <td>0.071617</td>\n",
       "      <td>0.020318</td>\n",
       "    </tr>\n",
       "    <tr>\n",
       "      <th>speed3</th>\n",
       "      <td>-0.559919</td>\n",
       "      <td>-0.588929</td>\n",
       "      <td>-0.621969</td>\n",
       "      <td>-0.651186</td>\n",
       "      <td>-0.622564</td>\n",
       "      <td>-0.589994</td>\n",
       "      <td>0.937033</td>\n",
       "      <td>0.956274</td>\n",
       "      <td>0.978519</td>\n",
       "      <td>1.000000</td>\n",
       "      <td>0.978524</td>\n",
       "      <td>0.956287</td>\n",
       "      <td>-0.562210</td>\n",
       "      <td>-0.536719</td>\n",
       "      <td>-0.511325</td>\n",
       "      <td>0.071838</td>\n",
       "      <td>0.020253</td>\n",
       "    </tr>\n",
       "    <tr>\n",
       "      <th>speed4</th>\n",
       "      <td>-0.537530</td>\n",
       "      <td>-0.562889</td>\n",
       "      <td>-0.590149</td>\n",
       "      <td>-0.622446</td>\n",
       "      <td>-0.651559</td>\n",
       "      <td>-0.622539</td>\n",
       "      <td>0.919127</td>\n",
       "      <td>0.937068</td>\n",
       "      <td>0.956290</td>\n",
       "      <td>0.978524</td>\n",
       "      <td>1.000000</td>\n",
       "      <td>0.978520</td>\n",
       "      <td>-0.589502</td>\n",
       "      <td>-0.561134</td>\n",
       "      <td>-0.533523</td>\n",
       "      <td>0.072040</td>\n",
       "      <td>0.020283</td>\n",
       "    </tr>\n",
       "    <tr>\n",
       "      <th>speed5</th>\n",
       "      <td>-0.517653</td>\n",
       "      <td>-0.540310</td>\n",
       "      <td>-0.564030</td>\n",
       "      <td>-0.590596</td>\n",
       "      <td>-0.622814</td>\n",
       "      <td>-0.651592</td>\n",
       "      <td>0.902554</td>\n",
       "      <td>0.919153</td>\n",
       "      <td>0.937076</td>\n",
       "      <td>0.956287</td>\n",
       "      <td>0.978520</td>\n",
       "      <td>1.000000</td>\n",
       "      <td>-0.622068</td>\n",
       "      <td>-0.588422</td>\n",
       "      <td>-0.557786</td>\n",
       "      <td>0.072224</td>\n",
       "      <td>0.020312</td>\n",
       "    </tr>\n",
       "    <tr>\n",
       "      <th>TTI6</th>\n",
       "      <td>0.636325</td>\n",
       "      <td>0.675446</td>\n",
       "      <td>0.715736</td>\n",
       "      <td>0.763292</td>\n",
       "      <td>0.826007</td>\n",
       "      <td>0.914214</td>\n",
       "      <td>-0.494271</td>\n",
       "      <td>-0.515670</td>\n",
       "      <td>-0.537822</td>\n",
       "      <td>-0.562210</td>\n",
       "      <td>-0.589502</td>\n",
       "      <td>-0.622068</td>\n",
       "      <td>1.000000</td>\n",
       "      <td>0.913962</td>\n",
       "      <td>0.823352</td>\n",
       "      <td>-0.053674</td>\n",
       "      <td>-0.007563</td>\n",
       "    </tr>\n",
       "    <tr>\n",
       "      <th>TTI7</th>\n",
       "      <td>0.598135</td>\n",
       "      <td>0.636764</td>\n",
       "      <td>0.674705</td>\n",
       "      <td>0.714722</td>\n",
       "      <td>0.762357</td>\n",
       "      <td>0.825035</td>\n",
       "      <td>-0.471746</td>\n",
       "      <td>-0.493066</td>\n",
       "      <td>-0.514480</td>\n",
       "      <td>-0.536719</td>\n",
       "      <td>-0.561134</td>\n",
       "      <td>-0.588422</td>\n",
       "      <td>0.913962</td>\n",
       "      <td>1.000000</td>\n",
       "      <td>0.913163</td>\n",
       "      <td>-0.053387</td>\n",
       "      <td>-0.007687</td>\n",
       "    </tr>\n",
       "    <tr>\n",
       "      <th>TTI8</th>\n",
       "      <td>0.559219</td>\n",
       "      <td>0.596449</td>\n",
       "      <td>0.633910</td>\n",
       "      <td>0.672087</td>\n",
       "      <td>0.712298</td>\n",
       "      <td>0.760211</td>\n",
       "      <td>-0.447997</td>\n",
       "      <td>-0.468666</td>\n",
       "      <td>-0.489845</td>\n",
       "      <td>-0.511325</td>\n",
       "      <td>-0.533523</td>\n",
       "      <td>-0.557786</td>\n",
       "      <td>0.823352</td>\n",
       "      <td>0.913163</td>\n",
       "      <td>1.000000</td>\n",
       "      <td>-0.052727</td>\n",
       "      <td>-0.007747</td>\n",
       "    </tr>\n",
       "    <tr>\n",
       "      <th>isHoliday</th>\n",
       "      <td>-0.051272</td>\n",
       "      <td>-0.052615</td>\n",
       "      <td>-0.053274</td>\n",
       "      <td>-0.053408</td>\n",
       "      <td>-0.053680</td>\n",
       "      <td>-0.053786</td>\n",
       "      <td>0.070694</td>\n",
       "      <td>0.071230</td>\n",
       "      <td>0.071617</td>\n",
       "      <td>0.071838</td>\n",
       "      <td>0.072040</td>\n",
       "      <td>0.072224</td>\n",
       "      <td>-0.053674</td>\n",
       "      <td>-0.053387</td>\n",
       "      <td>-0.052727</td>\n",
       "      <td>1.000000</td>\n",
       "      <td>0.637761</td>\n",
       "    </tr>\n",
       "    <tr>\n",
       "      <th>weekday</th>\n",
       "      <td>-0.008241</td>\n",
       "      <td>-0.008486</td>\n",
       "      <td>-0.008279</td>\n",
       "      <td>-0.007883</td>\n",
       "      <td>-0.007840</td>\n",
       "      <td>-0.007731</td>\n",
       "      <td>0.020180</td>\n",
       "      <td>0.020310</td>\n",
       "      <td>0.020318</td>\n",
       "      <td>0.020253</td>\n",
       "      <td>0.020283</td>\n",
       "      <td>0.020312</td>\n",
       "      <td>-0.007563</td>\n",
       "      <td>-0.007687</td>\n",
       "      <td>-0.007747</td>\n",
       "      <td>0.637761</td>\n",
       "      <td>1.000000</td>\n",
       "    </tr>\n",
       "  </tbody>\n",
       "</table>\n",
       "</div>"
      ],
      "text/plain": [
       "               TTI0      TTI1      TTI2      TTI3      TTI4      TTI5  \\\n",
       "TTI0       1.000000  0.913943  0.825248  0.762461  0.715100  0.674471   \n",
       "TTI1       0.913943  1.000000  0.914789  0.826398  0.763876  0.715793   \n",
       "TTI2       0.825248  0.914789  1.000000  0.914602  0.826465  0.763680   \n",
       "TTI3       0.762461  0.826398  0.914602  1.000000  0.914404  0.826163   \n",
       "TTI4       0.715100  0.763876  0.826465  0.914404  1.000000  0.914370   \n",
       "TTI5       0.674471  0.715793  0.763680  0.826163  0.914370  1.000000   \n",
       "speed0    -0.646792 -0.621196 -0.589862 -0.562989 -0.538843 -0.516412   \n",
       "speed1    -0.617892 -0.649624 -0.622021 -0.589959 -0.562997 -0.538482   \n",
       "speed2    -0.585991 -0.620813 -0.650725 -0.622274 -0.590085 -0.562764   \n",
       "speed3    -0.559919 -0.588929 -0.621969 -0.651186 -0.622564 -0.589994   \n",
       "speed4    -0.537530 -0.562889 -0.590149 -0.622446 -0.651559 -0.622539   \n",
       "speed5    -0.517653 -0.540310 -0.564030 -0.590596 -0.622814 -0.651592   \n",
       "TTI6       0.636325  0.675446  0.715736  0.763292  0.826007  0.914214   \n",
       "TTI7       0.598135  0.636764  0.674705  0.714722  0.762357  0.825035   \n",
       "TTI8       0.559219  0.596449  0.633910  0.672087  0.712298  0.760211   \n",
       "isHoliday -0.051272 -0.052615 -0.053274 -0.053408 -0.053680 -0.053786   \n",
       "weekday   -0.008241 -0.008486 -0.008279 -0.007883 -0.007840 -0.007731   \n",
       "\n",
       "             speed0    speed1    speed2    speed3    speed4    speed5  \\\n",
       "TTI0      -0.646792 -0.617892 -0.585991 -0.559919 -0.537530 -0.517653   \n",
       "TTI1      -0.621196 -0.649624 -0.620813 -0.588929 -0.562889 -0.540310   \n",
       "TTI2      -0.589862 -0.622021 -0.650725 -0.621969 -0.590149 -0.564030   \n",
       "TTI3      -0.562989 -0.589959 -0.622274 -0.651186 -0.622446 -0.590596   \n",
       "TTI4      -0.538843 -0.562997 -0.590085 -0.622564 -0.651559 -0.622814   \n",
       "TTI5      -0.516412 -0.538482 -0.562764 -0.589994 -0.622539 -0.651592   \n",
       "speed0     1.000000  0.978521  0.956265  0.937033  0.919127  0.902554   \n",
       "speed1     0.978521  1.000000  0.978522  0.956274  0.937068  0.919153   \n",
       "speed2     0.956265  0.978522  1.000000  0.978519  0.956290  0.937076   \n",
       "speed3     0.937033  0.956274  0.978519  1.000000  0.978524  0.956287   \n",
       "speed4     0.919127  0.937068  0.956290  0.978524  1.000000  0.978520   \n",
       "speed5     0.902554  0.919153  0.937076  0.956287  0.978520  1.000000   \n",
       "TTI6      -0.494271 -0.515670 -0.537822 -0.562210 -0.589502 -0.622068   \n",
       "TTI7      -0.471746 -0.493066 -0.514480 -0.536719 -0.561134 -0.588422   \n",
       "TTI8      -0.447997 -0.468666 -0.489845 -0.511325 -0.533523 -0.557786   \n",
       "isHoliday  0.070694  0.071230  0.071617  0.071838  0.072040  0.072224   \n",
       "weekday    0.020180  0.020310  0.020318  0.020253  0.020283  0.020312   \n",
       "\n",
       "               TTI6      TTI7      TTI8  isHoliday   weekday  \n",
       "TTI0       0.636325  0.598135  0.559219  -0.051272 -0.008241  \n",
       "TTI1       0.675446  0.636764  0.596449  -0.052615 -0.008486  \n",
       "TTI2       0.715736  0.674705  0.633910  -0.053274 -0.008279  \n",
       "TTI3       0.763292  0.714722  0.672087  -0.053408 -0.007883  \n",
       "TTI4       0.826007  0.762357  0.712298  -0.053680 -0.007840  \n",
       "TTI5       0.914214  0.825035  0.760211  -0.053786 -0.007731  \n",
       "speed0    -0.494271 -0.471746 -0.447997   0.070694  0.020180  \n",
       "speed1    -0.515670 -0.493066 -0.468666   0.071230  0.020310  \n",
       "speed2    -0.537822 -0.514480 -0.489845   0.071617  0.020318  \n",
       "speed3    -0.562210 -0.536719 -0.511325   0.071838  0.020253  \n",
       "speed4    -0.589502 -0.561134 -0.533523   0.072040  0.020283  \n",
       "speed5    -0.622068 -0.588422 -0.557786   0.072224  0.020312  \n",
       "TTI6       1.000000  0.913962  0.823352  -0.053674 -0.007563  \n",
       "TTI7       0.913962  1.000000  0.913163  -0.053387 -0.007687  \n",
       "TTI8       0.823352  0.913163  1.000000  -0.052727 -0.007747  \n",
       "isHoliday -0.053674 -0.053387 -0.052727   1.000000  0.637761  \n",
       "weekday   -0.007563 -0.007687 -0.007747   0.637761  1.000000  "
      ]
     },
     "execution_count": 3,
     "metadata": {},
     "output_type": "execute_result"
    }
   ],
   "source": [
    "df1 = pd.read_csv('train_TTI_6+6+3_more_drop.csv')\n",
    "df1['date'] = pd.DatetimeIndex(df1['time']).date\n",
    "df1['time'] = pd.DatetimeIndex(df1['time']).time\n",
    "df1.set_index(['id_road', 'time','date'], inplace=True)\n",
    "df1.sort_index(inplace=True)\n",
    "df2 = pd.concat([pd.read_csv('toPredict_noLabel.csv'), pd.read_csv('toPredict_train_TTI.csv')])\n",
    "df2['time'] = pd.DatetimeIndex(df2['time'])\n",
    "df3 = pd.DataFrame(columns=['id_sample', 'TTI'])\n",
    "df1.corr()"
   ]
  },
  {
   "cell_type": "code",
   "execution_count": 10,
   "metadata": {},
   "outputs": [
    {
     "data": {
      "text/html": [
       "<div>\n",
       "<style scoped>\n",
       "    .dataframe tbody tr th:only-of-type {\n",
       "        vertical-align: middle;\n",
       "    }\n",
       "\n",
       "    .dataframe tbody tr th {\n",
       "        vertical-align: top;\n",
       "    }\n",
       "\n",
       "    .dataframe thead th {\n",
       "        text-align: right;\n",
       "    }\n",
       "</style>\n",
       "<table border=\"1\" class=\"dataframe\">\n",
       "  <thead>\n",
       "    <tr style=\"text-align: right;\">\n",
       "      <th></th>\n",
       "      <th></th>\n",
       "      <th></th>\n",
       "      <th>TTI0</th>\n",
       "      <th>TTI1</th>\n",
       "      <th>TTI2</th>\n",
       "      <th>TTI3</th>\n",
       "      <th>TTI4</th>\n",
       "      <th>TTI5</th>\n",
       "      <th>speed0</th>\n",
       "      <th>speed1</th>\n",
       "      <th>speed2</th>\n",
       "      <th>speed3</th>\n",
       "      <th>speed4</th>\n",
       "      <th>speed5</th>\n",
       "      <th>TTI6</th>\n",
       "      <th>TTI7</th>\n",
       "      <th>TTI8</th>\n",
       "      <th>isHoliday</th>\n",
       "      <th>weekday</th>\n",
       "    </tr>\n",
       "    <tr>\n",
       "      <th>id_road</th>\n",
       "      <th>time</th>\n",
       "      <th>date</th>\n",
       "      <th></th>\n",
       "      <th></th>\n",
       "      <th></th>\n",
       "      <th></th>\n",
       "      <th></th>\n",
       "      <th></th>\n",
       "      <th></th>\n",
       "      <th></th>\n",
       "      <th></th>\n",
       "      <th></th>\n",
       "      <th></th>\n",
       "      <th></th>\n",
       "      <th></th>\n",
       "      <th></th>\n",
       "      <th></th>\n",
       "      <th></th>\n",
       "      <th></th>\n",
       "    </tr>\n",
       "  </thead>\n",
       "  <tbody>\n",
       "    <tr>\n",
       "      <th rowspan=\"5\" valign=\"top\">275911</th>\n",
       "      <th rowspan=\"5\" valign=\"top\">00:00:00</th>\n",
       "      <th>2019-01-02</th>\n",
       "      <td>1.14105</td>\n",
       "      <td>1.13699</td>\n",
       "      <td>1.12393</td>\n",
       "      <td>1.15026</td>\n",
       "      <td>1.13117</td>\n",
       "      <td>1.11357</td>\n",
       "      <td>63.1037</td>\n",
       "      <td>63.3287</td>\n",
       "      <td>64.0646</td>\n",
       "      <td>62.5981</td>\n",
       "      <td>63.6550</td>\n",
       "      <td>64.6607</td>\n",
       "      <td>1.09580</td>\n",
       "      <td>1.10014</td>\n",
       "      <td>1.11471</td>\n",
       "      <td>0.0</td>\n",
       "      <td>2</td>\n",
       "    </tr>\n",
       "    <tr>\n",
       "      <th>2019-01-03</th>\n",
       "      <td>1.53843</td>\n",
       "      <td>1.29012</td>\n",
       "      <td>1.16313</td>\n",
       "      <td>1.13825</td>\n",
       "      <td>1.37852</td>\n",
       "      <td>1.91348</td>\n",
       "      <td>46.8037</td>\n",
       "      <td>55.8121</td>\n",
       "      <td>61.9055</td>\n",
       "      <td>63.2586</td>\n",
       "      <td>52.2333</td>\n",
       "      <td>37.6436</td>\n",
       "      <td>2.08315</td>\n",
       "      <td>2.04741</td>\n",
       "      <td>2.08087</td>\n",
       "      <td>0.0</td>\n",
       "      <td>3</td>\n",
       "    </tr>\n",
       "    <tr>\n",
       "      <th>2019-01-04</th>\n",
       "      <td>1.20683</td>\n",
       "      <td>1.29577</td>\n",
       "      <td>1.24171</td>\n",
       "      <td>1.15601</td>\n",
       "      <td>1.14226</td>\n",
       "      <td>1.15313</td>\n",
       "      <td>59.6641</td>\n",
       "      <td>55.5687</td>\n",
       "      <td>57.9878</td>\n",
       "      <td>62.2869</td>\n",
       "      <td>63.0367</td>\n",
       "      <td>62.4427</td>\n",
       "      <td>1.15265</td>\n",
       "      <td>1.30350</td>\n",
       "      <td>1.86703</td>\n",
       "      <td>0.0</td>\n",
       "      <td>4</td>\n",
       "    </tr>\n",
       "    <tr>\n",
       "      <th>2019-01-05</th>\n",
       "      <td>1.58394</td>\n",
       "      <td>1.47470</td>\n",
       "      <td>1.25195</td>\n",
       "      <td>1.15187</td>\n",
       "      <td>1.16729</td>\n",
       "      <td>1.18005</td>\n",
       "      <td>45.4591</td>\n",
       "      <td>48.8351</td>\n",
       "      <td>57.5137</td>\n",
       "      <td>62.5106</td>\n",
       "      <td>61.6852</td>\n",
       "      <td>61.0182</td>\n",
       "      <td>1.15340</td>\n",
       "      <td>1.14601</td>\n",
       "      <td>1.15873</td>\n",
       "      <td>1.0</td>\n",
       "      <td>5</td>\n",
       "    </tr>\n",
       "    <tr>\n",
       "      <th>2019-01-06</th>\n",
       "      <td>2.32614</td>\n",
       "      <td>1.51375</td>\n",
       "      <td>1.22063</td>\n",
       "      <td>1.20102</td>\n",
       "      <td>1.20443</td>\n",
       "      <td>1.12525</td>\n",
       "      <td>30.9755</td>\n",
       "      <td>47.5669</td>\n",
       "      <td>58.9894</td>\n",
       "      <td>59.9527</td>\n",
       "      <td>59.7828</td>\n",
       "      <td>63.9898</td>\n",
       "      <td>1.16382</td>\n",
       "      <td>1.16347</td>\n",
       "      <td>1.14915</td>\n",
       "      <td>1.0</td>\n",
       "      <td>6</td>\n",
       "    </tr>\n",
       "    <tr>\n",
       "      <th>...</th>\n",
       "      <th>...</th>\n",
       "      <th>...</th>\n",
       "      <td>...</td>\n",
       "      <td>...</td>\n",
       "      <td>...</td>\n",
       "      <td>...</td>\n",
       "      <td>...</td>\n",
       "      <td>...</td>\n",
       "      <td>...</td>\n",
       "      <td>...</td>\n",
       "      <td>...</td>\n",
       "      <td>...</td>\n",
       "      <td>...</td>\n",
       "      <td>...</td>\n",
       "      <td>...</td>\n",
       "      <td>...</td>\n",
       "      <td>...</td>\n",
       "      <td>...</td>\n",
       "      <td>...</td>\n",
       "    </tr>\n",
       "    <tr>\n",
       "      <th rowspan=\"5\" valign=\"top\">276738</th>\n",
       "      <th rowspan=\"5\" valign=\"top\">23:50:00</th>\n",
       "      <th>2019-12-16</th>\n",
       "      <td>1.28309</td>\n",
       "      <td>1.36590</td>\n",
       "      <td>1.37705</td>\n",
       "      <td>1.38399</td>\n",
       "      <td>1.20483</td>\n",
       "      <td>1.34748</td>\n",
       "      <td>31.9496</td>\n",
       "      <td>30.0126</td>\n",
       "      <td>29.7696</td>\n",
       "      <td>29.6202</td>\n",
       "      <td>34.0249</td>\n",
       "      <td>30.4227</td>\n",
       "      <td>1.42428</td>\n",
       "      <td>1.43791</td>\n",
       "      <td>1.36372</td>\n",
       "      <td>0.0</td>\n",
       "      <td>0</td>\n",
       "    </tr>\n",
       "    <tr>\n",
       "      <th>2019-12-17</th>\n",
       "      <td>1.21852</td>\n",
       "      <td>1.42880</td>\n",
       "      <td>1.36848</td>\n",
       "      <td>1.26464</td>\n",
       "      <td>1.25062</td>\n",
       "      <td>1.32827</td>\n",
       "      <td>33.6425</td>\n",
       "      <td>28.6912</td>\n",
       "      <td>29.9559</td>\n",
       "      <td>32.4157</td>\n",
       "      <td>32.7790</td>\n",
       "      <td>30.8628</td>\n",
       "      <td>1.24253</td>\n",
       "      <td>1.26758</td>\n",
       "      <td>1.31894</td>\n",
       "      <td>0.0</td>\n",
       "      <td>1</td>\n",
       "    </tr>\n",
       "    <tr>\n",
       "      <th>2019-12-18</th>\n",
       "      <td>1.39183</td>\n",
       "      <td>1.42769</td>\n",
       "      <td>1.41937</td>\n",
       "      <td>1.32931</td>\n",
       "      <td>1.29322</td>\n",
       "      <td>1.17574</td>\n",
       "      <td>29.4534</td>\n",
       "      <td>28.7136</td>\n",
       "      <td>28.8818</td>\n",
       "      <td>30.8386</td>\n",
       "      <td>31.6993</td>\n",
       "      <td>34.8667</td>\n",
       "      <td>1.28191</td>\n",
       "      <td>1.30337</td>\n",
       "      <td>1.18777</td>\n",
       "      <td>0.0</td>\n",
       "      <td>2</td>\n",
       "    </tr>\n",
       "    <tr>\n",
       "      <th>2019-12-19</th>\n",
       "      <td>1.26962</td>\n",
       "      <td>1.34787</td>\n",
       "      <td>1.25425</td>\n",
       "      <td>1.27220</td>\n",
       "      <td>1.23676</td>\n",
       "      <td>1.27166</td>\n",
       "      <td>32.2884</td>\n",
       "      <td>30.4140</td>\n",
       "      <td>32.6842</td>\n",
       "      <td>32.2230</td>\n",
       "      <td>33.1464</td>\n",
       "      <td>32.2367</td>\n",
       "      <td>1.22254</td>\n",
       "      <td>1.28557</td>\n",
       "      <td>1.17445</td>\n",
       "      <td>0.0</td>\n",
       "      <td>3</td>\n",
       "    </tr>\n",
       "    <tr>\n",
       "      <th>2019-12-20</th>\n",
       "      <td>1.35850</td>\n",
       "      <td>1.50126</td>\n",
       "      <td>1.84028</td>\n",
       "      <td>1.62766</td>\n",
       "      <td>1.31815</td>\n",
       "      <td>1.28073</td>\n",
       "      <td>30.1759</td>\n",
       "      <td>27.3064</td>\n",
       "      <td>22.2760</td>\n",
       "      <td>25.1859</td>\n",
       "      <td>31.0996</td>\n",
       "      <td>32.0085</td>\n",
       "      <td>1.38232</td>\n",
       "      <td>1.30534</td>\n",
       "      <td>1.19134</td>\n",
       "      <td>0.0</td>\n",
       "      <td>4</td>\n",
       "    </tr>\n",
       "  </tbody>\n",
       "</table>\n",
       "<p>296333 rows × 17 columns</p>\n",
       "</div>"
      ],
      "text/plain": [
       "                                TTI0     TTI1     TTI2     TTI3     TTI4  \\\n",
       "id_road time     date                                                      \n",
       "275911  00:00:00 2019-01-02  1.14105  1.13699  1.12393  1.15026  1.13117   \n",
       "                 2019-01-03  1.53843  1.29012  1.16313  1.13825  1.37852   \n",
       "                 2019-01-04  1.20683  1.29577  1.24171  1.15601  1.14226   \n",
       "                 2019-01-05  1.58394  1.47470  1.25195  1.15187  1.16729   \n",
       "                 2019-01-06  2.32614  1.51375  1.22063  1.20102  1.20443   \n",
       "...                              ...      ...      ...      ...      ...   \n",
       "276738  23:50:00 2019-12-16  1.28309  1.36590  1.37705  1.38399  1.20483   \n",
       "                 2019-12-17  1.21852  1.42880  1.36848  1.26464  1.25062   \n",
       "                 2019-12-18  1.39183  1.42769  1.41937  1.32931  1.29322   \n",
       "                 2019-12-19  1.26962  1.34787  1.25425  1.27220  1.23676   \n",
       "                 2019-12-20  1.35850  1.50126  1.84028  1.62766  1.31815   \n",
       "\n",
       "                                TTI5   speed0   speed1   speed2   speed3  \\\n",
       "id_road time     date                                                      \n",
       "275911  00:00:00 2019-01-02  1.11357  63.1037  63.3287  64.0646  62.5981   \n",
       "                 2019-01-03  1.91348  46.8037  55.8121  61.9055  63.2586   \n",
       "                 2019-01-04  1.15313  59.6641  55.5687  57.9878  62.2869   \n",
       "                 2019-01-05  1.18005  45.4591  48.8351  57.5137  62.5106   \n",
       "                 2019-01-06  1.12525  30.9755  47.5669  58.9894  59.9527   \n",
       "...                              ...      ...      ...      ...      ...   \n",
       "276738  23:50:00 2019-12-16  1.34748  31.9496  30.0126  29.7696  29.6202   \n",
       "                 2019-12-17  1.32827  33.6425  28.6912  29.9559  32.4157   \n",
       "                 2019-12-18  1.17574  29.4534  28.7136  28.8818  30.8386   \n",
       "                 2019-12-19  1.27166  32.2884  30.4140  32.6842  32.2230   \n",
       "                 2019-12-20  1.28073  30.1759  27.3064  22.2760  25.1859   \n",
       "\n",
       "                              speed4   speed5     TTI6     TTI7     TTI8  \\\n",
       "id_road time     date                                                      \n",
       "275911  00:00:00 2019-01-02  63.6550  64.6607  1.09580  1.10014  1.11471   \n",
       "                 2019-01-03  52.2333  37.6436  2.08315  2.04741  2.08087   \n",
       "                 2019-01-04  63.0367  62.4427  1.15265  1.30350  1.86703   \n",
       "                 2019-01-05  61.6852  61.0182  1.15340  1.14601  1.15873   \n",
       "                 2019-01-06  59.7828  63.9898  1.16382  1.16347  1.14915   \n",
       "...                              ...      ...      ...      ...      ...   \n",
       "276738  23:50:00 2019-12-16  34.0249  30.4227  1.42428  1.43791  1.36372   \n",
       "                 2019-12-17  32.7790  30.8628  1.24253  1.26758  1.31894   \n",
       "                 2019-12-18  31.6993  34.8667  1.28191  1.30337  1.18777   \n",
       "                 2019-12-19  33.1464  32.2367  1.22254  1.28557  1.17445   \n",
       "                 2019-12-20  31.0996  32.0085  1.38232  1.30534  1.19134   \n",
       "\n",
       "                             isHoliday  weekday  \n",
       "id_road time     date                            \n",
       "275911  00:00:00 2019-01-02        0.0        2  \n",
       "                 2019-01-03        0.0        3  \n",
       "                 2019-01-04        0.0        4  \n",
       "                 2019-01-05        1.0        5  \n",
       "                 2019-01-06        1.0        6  \n",
       "...                                ...      ...  \n",
       "276738  23:50:00 2019-12-16        0.0        0  \n",
       "                 2019-12-17        0.0        1  \n",
       "                 2019-12-18        0.0        2  \n",
       "                 2019-12-19        0.0        3  \n",
       "                 2019-12-20        0.0        4  \n",
       "\n",
       "[296333 rows x 17 columns]"
      ]
     },
     "execution_count": 10,
     "metadata": {},
     "output_type": "execute_result"
    }
   ],
   "source": [
    "df1"
   ]
  },
  {
   "cell_type": "code",
   "execution_count": 4,
   "metadata": {},
   "outputs": [
    {
     "data": {
      "text/html": [
       "<div>\n",
       "<style scoped>\n",
       "    .dataframe tbody tr th:only-of-type {\n",
       "        vertical-align: middle;\n",
       "    }\n",
       "\n",
       "    .dataframe tbody tr th {\n",
       "        vertical-align: top;\n",
       "    }\n",
       "\n",
       "    .dataframe thead th {\n",
       "        text-align: right;\n",
       "    }\n",
       "</style>\n",
       "<table border=\"1\" class=\"dataframe\">\n",
       "  <thead>\n",
       "    <tr style=\"text-align: right;\">\n",
       "      <th></th>\n",
       "      <th>id_sample</th>\n",
       "      <th>TTI</th>\n",
       "    </tr>\n",
       "  </thead>\n",
       "  <tbody>\n",
       "    <tr>\n",
       "      <th>504</th>\n",
       "      <td>0</td>\n",
       "      <td>1.081019</td>\n",
       "    </tr>\n",
       "    <tr>\n",
       "      <th>505</th>\n",
       "      <td>1</td>\n",
       "      <td>1.073067</td>\n",
       "    </tr>\n",
       "    <tr>\n",
       "      <th>506</th>\n",
       "      <td>2</td>\n",
       "      <td>1.093142</td>\n",
       "    </tr>\n",
       "    <tr>\n",
       "      <th>507</th>\n",
       "      <td>3</td>\n",
       "      <td>1.866500</td>\n",
       "    </tr>\n",
       "    <tr>\n",
       "      <th>508</th>\n",
       "      <td>4</td>\n",
       "      <td>2.061127</td>\n",
       "    </tr>\n",
       "    <tr>\n",
       "      <th>...</th>\n",
       "      <td>...</td>\n",
       "      <td>...</td>\n",
       "    </tr>\n",
       "    <tr>\n",
       "      <th>3019</th>\n",
       "      <td>3019</td>\n",
       "      <td>1.610964</td>\n",
       "    </tr>\n",
       "    <tr>\n",
       "      <th>3020</th>\n",
       "      <td>3020</td>\n",
       "      <td>1.633736</td>\n",
       "    </tr>\n",
       "    <tr>\n",
       "      <th>3021</th>\n",
       "      <td>3021</td>\n",
       "      <td>1.645765</td>\n",
       "    </tr>\n",
       "    <tr>\n",
       "      <th>3022</th>\n",
       "      <td>3022</td>\n",
       "      <td>1.553734</td>\n",
       "    </tr>\n",
       "    <tr>\n",
       "      <th>3023</th>\n",
       "      <td>3023</td>\n",
       "      <td>1.537335</td>\n",
       "    </tr>\n",
       "  </tbody>\n",
       "</table>\n",
       "<p>3024 rows × 2 columns</p>\n",
       "</div>"
      ],
      "text/plain": [
       "      id_sample       TTI\n",
       "504           0  1.081019\n",
       "505           1  1.073067\n",
       "506           2  1.093142\n",
       "507           3  1.866500\n",
       "508           4  2.061127\n",
       "...         ...       ...\n",
       "3019       3019  1.610964\n",
       "3020       3020  1.633736\n",
       "3021       3021  1.645765\n",
       "3022       3022  1.553734\n",
       "3023       3023  1.537335\n",
       "\n",
       "[3024 rows x 2 columns]"
      ]
     },
     "execution_count": 4,
     "metadata": {},
     "output_type": "execute_result"
    }
   ],
   "source": [
    "# 随机森林预测\n",
    "for name, group in df2.groupby('id_road'):\n",
    "    group.sort_values('time', inplace=True)\n",
    "    group.set_index('time', inplace=True)\n",
    "    group.index = group.index.time\n",
    "    for i in range(6, len(group), 9):\n",
    "        df = df1.loc[name, group.index[i]].values\n",
    "        model = RandomForestRegressor()\n",
    "        model.fit(df[:, :12], df[:, 12:15])\n",
    "        group.iloc[i:i+3, 2] = model.predict(group.iloc[i-6:i, [2, 3]].values.T.reshape(1, -1)).ravel()\n",
    "        df3 = df3.append(group.iloc[i:i+3, [0, 2]])\n",
    "df3.reset_index(drop=True, inplace=True)\n",
    "df3['id_sample'] = df3['id_sample'].astype(int)\n",
    "df3.sort_values('id_sample', inplace=True)\n",
    "# df3.to_csv('submit11.csv', index=False)\n",
    "df3"
   ]
  },
  {
   "cell_type": "code",
   "execution_count": null,
   "metadata": {},
   "outputs": [],
   "source": [
    "# XGBoost\n",
    "params = {}\n",
    "for name, group in df2.groupby('id_road'):\n",
    "    group.sort_values('time', inplace=True)\n",
    "    group.set_index('time', inplace=True)\n",
    "    group.index = group.index.time\n",
    "    for i in range(6, len(group), 9):\n",
    "        df = df1.loc[name, group.index[i]].values\n",
    "        dtest = xgb.DMatrix(group.iloc[i-6:i, [2, 3]].values.T.reshape(1, -1))\n",
    "        dtrain = xgb.DMatrix(df[:, :12], label=df[:, 12])\n",
    "        bst = xgb.train(params, dtrain);\n",
    "        t1 = bst.predict(dtest)[0]\n",
    "        dtrain = xgb.DMatrix(df[:, :12], label=df[:, 13])\n",
    "        bst = xgb.train(params, dtrain);\n",
    "        t2 = bst.predict(dtest)[0]\n",
    "        dtrain = xgb.DMatrix(df[:, :12], label=df[:, 14])\n",
    "        bst = xgb.train(params, dtrain);\n",
    "        t3 = bst.predict(dtest)[0]\n",
    "        group.iloc[i:i+3, 2] = [t1, t2, t3]\n",
    "        df3 = df3.append(group.iloc[i:i+3, [0, 2]])\n",
    "df3.reset_index(drop=True, inplace=True)\n",
    "df3['id_sample'] = df3['id_sample'].astype(int)\n",
    "df3.sort_values('id_sample', inplace=True)\n",
    "# df3.to_csv('submit11.csv', index=False)\n",
    "df3"
   ]
  },
  {
   "cell_type": "code",
   "execution_count": 6,
   "metadata": {},
   "outputs": [
    {
     "data": {
      "text/html": [
       "<div>\n",
       "<style scoped>\n",
       "    .dataframe tbody tr th:only-of-type {\n",
       "        vertical-align: middle;\n",
       "    }\n",
       "\n",
       "    .dataframe tbody tr th {\n",
       "        vertical-align: top;\n",
       "    }\n",
       "\n",
       "    .dataframe thead th {\n",
       "        text-align: right;\n",
       "    }\n",
       "</style>\n",
       "<table border=\"1\" class=\"dataframe\">\n",
       "  <thead>\n",
       "    <tr style=\"text-align: right;\">\n",
       "      <th></th>\n",
       "      <th>id_sample</th>\n",
       "      <th>TTI</th>\n",
       "    </tr>\n",
       "  </thead>\n",
       "  <tbody>\n",
       "    <tr>\n",
       "      <th>0</th>\n",
       "      <td>0</td>\n",
       "      <td>1.073613</td>\n",
       "    </tr>\n",
       "    <tr>\n",
       "      <th>1</th>\n",
       "      <td>1</td>\n",
